1 3.24227
2 3.23368
3 3.22354
4 3.21053
5 3.19336
6 3.17153
7 3.14901
8 3.13805
9 3.12608
10 3.10445
11 3.08562
12 3.06799
13 3.04472
14 3.01533
15 2.98093
16 2.95315
17 2.93945
18 2.9398
19 2.9319
20 2.9043
21 2.87317
22 2.84234
23 2.80964
24 2.77039
25 2.72543
26 2.68008
27 2.63634
28 2.59273
29 2.54807
30 2.50267
31 2.45832
32 2.41793
33 2.38569
34 2.36646
35 2.36072
36 2.36072
37 2.35852
38 2.35136
39 2.33945
40 2.32374
41 2.30629
42 2.2874
43 2.26701
44 2.24972
45 2.2453
46 2.24292
47 2.23277
48 2.22152
49 2.20775
50 2.18876
51 2.16559
52 2.1408
53 2.11592
54 2.09213
55 2.07073
56 2.05293
57 2.04013
58 2.03391
59 2.03403
60 2.03611
61 2.03786
62 2.04272
63 2.05267
64 2.06714
65 2.08449
66 2.10333
67 2.12261
68 2.14072
69 2.1558
70 2.16646
71 2.17207
72 2.17313
73 2.17082
74 2.16649
75 2.16136
76 2.15615
77 2.15118
78 2.14659
79 2.14228
80 2.13804
81 2.13379
82 2.12964
83 2.12575
84 2.12223
85 2.11913
86 2.11646
87 2.11429
88 2.11277
89 2.11208
90 2.11238
91 2.11376
92 2.1161
93 2.1191
94 2.12234
95 2.12552
96 2.12871
97 2.13232
98 2.13676
99 2.14234
100 2.14939